x*cosf(t+y)>logf(w*z*3)
t
begin data
-325.17,nan
-325.17,nan
-325.17,nan
-35.4205,nan
-32.5984,nan
-32.3648,nan
-30.8962,nan
-30.8962,nan
-29.5427,nan
-29.309,nan
-27.8404,nan
-27.8185,nan
-27.8185,nan
-27.8185,nan
-26.487,nan
-25.7846,nan
-25.7846,nan
-25.7846,nan
-24.7847,nan
-24.7842,nan
-24.7842,nan
-24.7842,nan
-23.4927,nan
-23.4927,nan
-23.4927,nan
-23.0737,nan
-23.0737,nan
-23.0737,nan
-10.1569,nan
-10.1568,nan
-10.1568,nan
-10.1568,nan
-7.10112,nan
-7.10065,nan
-7.10065,nan
-7.10064,nan
-6.61388,nan
-6.45429,nan
-6.45428,nan
-6.45428,nan
-6.22222,nan
-6.22222,nan
-6.22222,nan
-5.17248,nan
-5.17248,nan
-5.17248,nan
-4.66667,nan
-4.66667,nan
-4.66667,nan
-4.37281,nan
-4.2834,nan
-4.2834,nan
-4.2834,nan
-4.04539,nan
-3.83572,nan
-3.83572,nan
-3.83572,nan
-3.66462,nan
-3.55815,nan
-3.49169,nan
-3.49169,nan
-3.49168,nan
-3.26089,nan
-3.26089,nan
-3.26089,nan
-2.6716,nan
-2.59745,nan
-2.59745,nan
-2.59745,nan
-2.48081,nan
-2.27739,nan
-2.27738,nan
-2.08582,nan
-2.33564,nan
-1.86875,nan
-1.86875,nan
-1.86875,nan
-2.29412,nan
-2.29412,nan
-2.29412,nan
-1.57957,nan
-1.57957,nan
-1.57957,nan
-1.54839,nan
-1.54839,nan
-1.54839,nan
-3.15385,nan
-3.15385,nan
-3.15385,nan
-1.36539,nan
-1.36538,nan
-1.36538,nan
-1.3026,nan
-1.30259,nan
-1.30259,nan
-1.28977,nan
-1.28977,nan
-1.28977,nan
-1.24479,nan
-1.24479,nan
-1.24479,nan
-23.4927,nan
-23.4927,nan
-23.4927,nan
-23.0737,nan
-23.0737,nan
-23.0737,nan
-5.1725,nan
-5.17248,nan
-5.17247,nan
-4.66667,nan
-4.66667,nan
-4.66667,nan
-3.15385,nan
-3.15385,nan
-3.15385,nan
-1.36539,nan
-1.36538,nan
-1.36538,nan
-1.24479,nan
-1.24479,nan
-1.24479,nan
-23.4927,nan
-23.4927,nan
-23.4927,nan
-23.0737,nan
-23.0737,nan
-23.0737,nan
-5.1725,nan
-5.17248,nan
-5.17247,nan
-4.66667,nan
-4.66667,nan
-4.66667,nan
-3.15385,nan
-3.15385,nan
-3.15385,nan
-0.916668,nan
-0.916667,nan
-0.916666,nan
-0.877365,nan
-0.877364,nan
-0.877363,nan
-0.678572,nan
-0.678571,nan
-0.67857,nan
-0.502419,nan
-2.61177,nan
-2.61177,nan
-2.61177,nan
-1.86875,nan
-1.86875,nan
-1.86875,nan
-0.225713,nan
-0.225712,nan
-0.225711,nan
-0.222918,nan
1.4013e-45,nan
-27.8404,nan
1.4013e-45,nan
-0.222917,nan
0.318083,nan
0.522014,nan
0.522014,nan
0.522015,nan
0.522015,nan
0.522016,nan
0.522016,nan
0.562499,nan
0.5625,nan
0.562501,nan
0.574867,nan
0.574868,nan
0.574869,nan
0.574909,nan
0.574912,nan
0.574915,nan
0.574916,nan
0.574916,nan
0.574916,nan
0.574917,nan
0.574917,nan
0.574917,nan
0.574917,nan
0.574918,nan
0.574918,nan
0.574918,nan
0.57986,nan
0.579861,nan
0.579862,nan
0.632811,nan
0.632811,nan
0.632812,nan
0.632814,nan
0.664772,nan
0.664773,nan
0.664774,nan
0.668127,nan
0.668127,nan
0.668128,nan
0.668129,nan
0.668128,nan
0.668129,nan
0.668663,nan
0.668663,nan
0.668664,nan
0.668664,nan
0.668665,nan
0.664772,nan
0.664773,nan
0.664774,nan
-325.17,nan
-325.17,nan
-325.17,nan
-1.28977,nan
-1.28977,nan
-1.28977,nan
0.668127,nan
0.668128,nan
0.668129,nan
0.668663,nan
0.668664,nan
0.668665,nan
0.664772,nan
0.664773,nan
0.664774,nan
-325.17,nan
-325.17,nan
-325.17,nan
0.668665,nan
0.632812,nan
0.632814,nan
0.681133,nan
0.681133,nan
0.681133,nan
0.681134,nan
0.681134,nan
0.681134,nan
0.681135,nan
0.681135,nan
0.681135,nan
0.707429,nan
0.70743,nan
0.707431,nan
0.778338,nan
0.778341,nan
0.778342,nan
0.778342,nan
0.778342,nan
0.778342,nan
0.778342,nan
0.778343,nan
0.778343,nan
0.778343,nan
0.778343,nan
0.778343,nan
0.778343,nan
0.778343,nan
0.778344,nan
0.778344,nan
0.778344,nan
0.778344,nan
0.778344,nan
0.778344,nan
0.778345,nan
0.778345,nan
0.778345,nan
0.778347,nan
0.907122,nan
0.935238,nan
0.935241,nan
0.935244,nan
1.56443,nan
1.56443,nan
1.56444,nan
-0.690302,nan
-0.6903,nan
-0.690299,nan
-3.28144,nan
-0.225712,nan
1.60637,nan
2,nan
2,nan
2,nan
2.05178,nan
2.83002,nan
3.63065,nan
3.67156,nan
3.67156,nan
3.70637,nan
3.70637,nan
3.70637,nan
3.70637,nan
3.70638,nan
3.70638,nan
3.83407,nan
0.778343,nan
0.778344,nan
0.778345,nan
0.778341,nan
0.778344,nan
0.778346,nan
3.83408,nan
0.778344,nan
0.778347,nan
3.49168e-06,nan
0,nan
-3.49168e-06,nan
0.774305,nan
0.774306,nan
0.774307,nan
0.778343,nan
0.778344,nan
0.778345,nan
-325.17,nan
-325.17,nan
-325.17,nan
-32.5984,nan
-29.5427,nan
-27.8185,nan
-27.8185,nan
-27.8185,nan
-26.487,nan
-25.7846,nan
-25.7846,nan
-25.7846,nan
-24.7842,nan
-24.7842,nan
-24.7842,nan
-23.0737,nan
-23.0737,nan
-23.0737,nan
-10.1569,nan
-10.1568,nan
-10.1568,nan
-7.10065,nan
-7.10065,nan
-7.10064,nan
-6.45429,nan
-6.45428,nan
-6.45428,nan
-6.22222,nan
-6.22222,nan
-6.22222,nan
-4.66667,nan
-4.66667,nan
-4.66667,nan
-4.2834,nan
-4.2834,nan
-4.2834,nan
-3.83572,nan
-3.83572,nan
-3.83572,nan
-3.49169,nan
-3.49169,nan
-3.49168,nan
-3.26089,nan
-3.26089,nan
-3.26089,nan
-2.59745,nan
-2.59745,nan
-2.59745,nan
-2.27738,nan
-1.86875,nan
-1.86875,nan
-1.86875,nan
-2.29412,nan
-2.29412,nan
-2.29412,nan
-1.57957,nan
-1.57957,nan
-1.57957,nan
-1.54839,nan
-1.54839,nan
-1.54839,nan
-3.15385,nan
-3.15385,nan
-3.15385,nan
-1.36539,nan
-1.36538,nan
-1.36538,nan
-1.3026,nan
-1.30259,nan
-1.30259,nan
-1.28977,nan
-1.28977,nan
-1.28977,nan
-1.24479,nan
-1.24479,nan
-1.24479,nan
-23.4927,nan
-23.4927,nan
-23.4927,nan
-23.0737,nan
-23.0737,nan
-23.0737,nan
-5.1725,nan
-5.17248,nan
-5.17247,nan
-4.66667,nan
-4.66667,nan
-4.66667,nan
-3.15385,nan
-3.15385,nan
-3.15385,nan
-1.36539,nan
-1.36538,nan
-1.36538,nan
-1.24479,nan
-1.24479,nan
-1.24479,nan
-23.4927,nan
-23.4927,nan
-23.4927,nan
-23.0737,nan
-23.0737,nan
-23.0737,nan
-5.1725,nan
-5.17248,nan
-5.17247,nan
-4.66667,nan
-4.66667,nan
-4.66667,nan
-3.15385,nan
-3.15385,nan
-3.15385,nan
-0.916668,nan
-0.916667,nan
-0.916666,nan
-0.877365,nan
-0.877364,nan
-0.877363,nan
-0.678572,nan
-0.678571,nan
-0.67857,nan
-0.225713,nan
-0.225712,nan
-0.225711,nan
0.522014,nan
0.522015,nan
0.522016,nan
0.562499,nan
0.5625,nan
0.562501,nan
0.574867,nan
0.574868,nan
0.574869,nan
0.574909,nan
0.574912,nan
0.574915,nan
0.574916,nan
0.574916,nan
0.574916,nan
0.574917,nan
0.574917,nan
0.574917,nan
0.574918,nan
0.574918,nan
0.574918,nan
0.57986,nan
0.579861,nan
0.579862,nan
0.632811,nan
0.632812,nan
0.632814,nan
0.664772,nan
0.664773,nan
0.664774,nan
0.668127,nan
0.668127,nan
0.668128,nan
0.668129,nan
0.668128,nan
0.668129,nan
0.668663,nan
0.668664,nan
0.668665,nan
0.664772,nan
0.664773,nan
0.664774,nan
-325.17,nan
-325.17,nan
-325.17,nan
-1.28977,nan
-1.28977,nan
-1.28977,nan
0.668127,nan
0.668128,nan
0.668129,nan
0.668663,nan
0.668664,nan
0.668665,nan
0.664772,nan
0.664773,nan
0.664774,nan
-325.17,nan
-325.17,nan
-325.17,nan
0.681133,nan
0.681134,nan
0.681135,nan
0.707429,nan
0.70743,nan
0.707431,nan
0.778341,nan
0.778342,nan
0.778342,nan
0.778342,nan
0.778342,nan
0.778342,nan
0.778343,nan
0.778343,nan
0.778343,nan
0.778343,nan
0.778343,nan
0.778343,nan
0.778343,nan
0.778344,nan
0.778344,nan
0.778344,nan
0.778344,nan
0.778344,nan
0.778344,nan
0.778345,nan
0.778345,nan
0.778345,nan
0.778347,nan
0.907122,nan
0.935238,nan
0.935241,nan
0.935244,nan
2,nan
2,nan
2,nan
3.67156,nan
3.67156,nan
3.70637,nan
3.70637,nan
3.70638,nan
3.83408,nan
0.778344,nan
0.778347,nan
3.49168e-06,nan
0,nan
-3.49168e-06,nan
0.774305,nan
0.774306,nan
0.774307,nan
0.778343,nan
0.778344,nan
0.778345,nan
-325.17,nan
-325.17,nan
-325.17,nan
-32.5984,nan
-29.5427,nan
-27.8185,nan
-27.8185,nan
-27.8185,nan
-26.487,nan
-25.7846,nan
-25.7846,nan
-25.7846,nan
-24.7842,nan
-24.7842,nan
-24.7842,nan
-23.0737,nan
-23.0737,nan
-23.0737,nan
-10.1569,nan
-10.1568,nan
-10.1568,nan
-7.10065,nan
-7.10065,nan
-7.10064,nan
-6.45429,nan
-6.45428,nan
-6.45428,nan
-6.22222,nan
-6.22222,nan
-6.22222,nan
-4.66667,nan
-4.66667,nan
-4.66667,nan
-4.2834,nan
-4.2834,nan
-4.2834,nan
-3.83572,nan
-3.83572,nan
-3.83572,nan
-3.49169,nan
-3.49169,nan
-3.49168,nan
-3.26089,nan
-3.26089,nan
-3.26089,nan
-2.59745,nan
-2.59745,nan
-2.59745,nan
-2.27738,nan
-1.86875,nan
-1.86875,nan
-1.86875,nan
-2.29412,nan
-2.29412,nan
-2.29412,nan
-1.57957,nan
-1.57957,nan
-1.57957,nan
-1.54839,nan
-1.54839,nan
-1.54839,nan
-3.15385,nan
-3.15385,nan
-3.15385,nan
-1.36539,nan
-1.36538,nan
-1.36538,nan
-1.3026,nan
-1.30259,nan
-1.30259,nan
-1.28977,nan
-1.28977,nan
-1.28977,nan
-1.24479,nan
-1.24479,nan
-1.24479,nan
-23.4927,nan
-23.4927,nan
-23.4927,nan
-23.0737,nan
-23.0737,nan
-23.0737,nan
-5.1725,nan
-5.17248,nan
6.49692,nan
6.49692,nan
6.49692,nan
-3.49169,nan
-3.49169,nan
-3.49168,nan
0.707429,nan
0.70743,nan
0.707431,nan
0.935238,nan
0.935241,nan
0.935244,nan
-1.57957,nan
-1.57957,nan
-1.57957,nan
-0.225713,nan
-0.225712,nan
-0.225711,nan
-1.3026,nan
-1.30259,nan
-1.30259,nan
-0.678572,nan
-0.678571,nan
-0.67857,nan
20.0649,nan
20.0649,nan
23.1206,nan
23.1206,nan
26.1764,nan
26.1764,nan
47.2198,nan
50.2755,nan
51.38,nan
51.38,nan
51.38,nan
49.172,nan
49.172,nan
49.172,nan
-87.5026,nan
-87.5026,nan
-87.5026,nan
22.9443,nan
26,nan
29.0557,nan
nan,nan
-35.4205,nan
-32.3648,nan
-30.8962,nan
-29.309,nan
-23.4927,nan
-23.4927,nan
-23.4927,nan
-5.17248,nan
-5.17248,nan
-5.17248,nan
1.4013e-45,nan
-27.8404,nan
0.522014,nan
0.522015,nan
0.522016,nan
0.632811,nan
0.668663,nan
0.668664,nan
0.668665,nan
0.632812,nan
0.632814,nan
0.681133,nan
0.681134,nan
0.681135,nan
3.70637,nan
3.70637,nan
3.70638,nan
6.49692,nan
6.49692,nan
6.49692,nan
-3.49169,nan
-3.49169,nan
-3.49168,nan
0.707429,nan
0.70743,nan
0.707431,nan
0.935238,nan
0.935241,nan
0.935244,nan
-1.57957,nan
-1.57957,nan
-1.57957,nan
-0.225713,nan
-0.225712,nan
-0.225711,nan
-1.3026,nan
-1.30259,nan
-1.30259,nan
-0.678572,nan
-0.678571,nan
-0.67857,nan
20.0649,nan
23.1206,nan
26.1764,nan
51.38,nan
51.38,nan
51.38,nan
49.172,nan
49.172,nan
49.172,nan
-87.5026,nan
-87.5026,nan
-87.5026,nan
22.9443,nan
26,nan
29.0557,nan
nan,nan
-35.4205,nan
-32.3648,nan
-30.8962,nan
-29.309,nan
-23.4927,nan
-23.4927,nan
-23.4927,nan
-5.17248,nan
-5.17248,nan
-5.17248,nan
1.4013e-45,nan
-27.8404,nan
0.522014,nan
0.522015,nan
0.522016,nan
0.632811,nan
0.668663,nan
0.668664,nan
0.668665,nan
0.632812,nan
0.632814,nan
0.681133,nan
0.681134,nan
0.681135,nan
3.70637,nan
3.70637,nan
3.70638,nan
6.49692,nan
6.49692,nan
6.49692,nan
-3.49169,nan
-3.49169,nan
-3.49168,nan
0.707429,nan
0.70743,nan
0.707431,nan
0.935238,nan
0.935241,nan
0.935244,nan
-1.57957,nan
53.3312,nan
23.1348,nan
23.1348,nan
23.1348,nan

