sqrtf(w*y*z)>log10f(t*x)
y
begin data
-135.125,nan
-135.125,nan
-135.125,nan
-50.0791,nan
-50.0791,nan
-50.0791,nan
-50.0791,nan
-50.0791,nan
-50.0791,nan
-9.28521,nan
-9.28521,nan
-9.28521,nan
-6.66667,nan
-6.66667,nan
-6.66667,nan
-6.22949,nan
-6.22949,nan
-6.22949,nan
-6.22949,nan
-6.22949,nan
-6.22949,nan
-6.22949,nan
-6.22949,nan
-6.22949,nan
-6.22949,nan
-6.22949,nan
-6.22949,nan
-6.22949,nan
-6.22949,nan
-6.22949,nan
-6.22949,nan
-6.22949,nan
-6.22949,nan
-6.22949,nan
-6.22949,nan
-6.22949,nan
-6.22949,nan
-6.22949,nan
-6.22949,nan
-6.22949,nan
-6.22949,nan
-6.22949,nan
-6.22949,nan
-6.22948,nan
-6.22948,nan
-6.22948,nan
-6.22948,nan
-6.22948,nan
-6.22948,nan
-6.22948,nan
-6.22948,nan
-6.22948,nan
-6.22948,nan
-6.22948,nan
-6.22948,nan
-6.22949,nan
-6.22949,nan
-6.22948,nan
-6.22949,nan
-6.22949,nan
-6.22948,nan
-6.22949,nan
-6.22949,nan
-6.22948,nan
-6.22949,nan
-6.22949,nan
-6.22949,nan
-6.22948,nan
-6,nan
-6,nan
-6,nan
-6,nan
-6,nan
-6,nan
-6,nan
-6,nan
-6,nan
-6.22949,nan
-6.22948,nan
-6.22949,nan
-6.22949,nan
-6.22948,nan
-6.22949,nan
-6.22949,nan
-6.22948,nan
-6,nan
-6,nan
-6,nan
-6.22949,nan
-6.22949,nan
-6.22948,nan
-6.22949,nan
-6.22949,nan
-6.22948,nan
-6,nan
-6,nan
-6,nan
-6,nan
-6,nan
-6,nan
-6.22949,nan
-6.22949,nan
-6.22948,nan
-6.22949,nan
-6.22949,nan
-6.22948,nan
-6.22949,nan
-6.22949,nan
-6.22948,nan
-6.22949,nan
-6.22949,nan
-6.22948,nan
-6,nan
-6,nan
-6,nan
-6.22949,nan
-6.22949,nan
-6.22948,nan
-6.22949,nan
-6.22949,nan
-6.22948,nan
-6,nan
-6,nan
-6,nan
-6.22949,nan
-6.22949,nan
-6.22948,nan
-6.22949,nan
-6.22949,nan
-6.22948,nan
-6.22949,nan
-6.22949,nan
-6.22948,nan
-6.22949,nan
-6.22949,nan
-6.22948,nan
-6.22949,nan
-6.22949,nan
-6.22949,nan
-5.57479,nan
-5.57478,nan
-5.57478,nan
-5.3597,nan
-5.2353,nan
-5.23529,nan
-5.23529,nan
-5,nan
-5,nan
-5,nan
-5,nan
-5,nan
-6.22949,nan
-6.22949,nan
-6.22948,nan
-6.22948,nan
-6.22948,nan
-6.22948,nan
-9.28521,nan
-6.22948,nan
-5,nan
-6.22949,nan
-6.22949,nan
-6.22948,nan
-6.22948,nan
-6.22948,nan
-6.22948,nan
-9.28521,nan
-6.22948,nan
-4.7885,nan
-4.7885,nan
-4.7885,nan
-4.7731,nan
-4.77027,nan
-4.75789,nan
-4.75788,nan
-4.75788,nan
-4.59038,nan
-4.59038,nan
-4.59038,nan
-4.25,nan
-4.25,nan
-4.25,nan
-4.25,nan
-4.25,nan
-4.25,nan
-4.18182,nan
-4.18182,nan
-4.18182,nan
-4,nan
-4,nan
-4,nan
-4,nan
-4,nan
-4,nan
-3.45309,nan
-3.45309,nan
-3.45309,nan
-3.33396,nan
-3.17376,nan
-6.22948,nan
-6.22948,nan
-6.22948,nan
-9.2852,nan
-6.22948,nan
-3.17376,nan
-3.17376,nan
-3.17375,nan
-3.05573,nan
-2.34758,nan
-2.34758,nan
-2.34758,nan
-2.30397,nan
-2.30397,nan
-2.30397,nan
-2.30397,nan
-2.30397,nan
-2.30397,nan
-2.30397,nan
-2.30397,nan
-2.30397,nan
-2.30397,nan
-2.30397,nan
-2.30397,nan
-2.30397,nan
-2.30397,nan
-2.30397,nan
-2.30397,nan
-2.30397,nan
-2.30397,nan
-2.30397,nan
-2.30397,nan
-2.30397,nan
-2.30397,nan
-2.30397,nan
-2.30397,nan
-2.30397,nan
-2.30397,nan
-2.30397,nan
-2.30397,nan
-2.30397,nan
-2.30397,nan
-2.30397,nan
-2.30397,nan
-2.30397,nan
-2.30397,nan
-2.30397,nan
-2.30397,nan
-2.30397,nan
-2.30397,nan
-2.30397,nan
-3.33333,nan
-3.33333,nan
-3.33333,nan
-2.30397,nan
-2.30397,nan
-2.30397,nan
-2.30397,nan
-2.30397,nan
-2.30397,nan
-2.30397,nan
-2.30397,nan
-50.0791,nan
-50.0791,nan
-50.0791,nan
-9.28521,nan
-6.22949,nan
-6.22949,nan
-6.22949,nan
-6.22949,nan
-6.22949,nan
-6.22949,nan
-6.22949,nan
-6.22949,nan
-6.22948,nan
-6.22948,nan
-6.22948,nan
-6.22948,nan
-6.22949,nan
-6.22949,nan
-6.22948,nan
-6.22949,nan
-6.22949,nan
-6.22948,nan
-6.22949,nan
-6.22949,nan
-6.22948,nan
-6.22949,nan
-6.22949,nan
-6.22949,nan
-5.57479,nan
-5.57478,nan
-5.57478,nan
-5,nan
-5,nan
-5,nan
-6.22949,nan
-6.22949,nan
-6.22948,nan
-6.22948,nan
-6.22948,nan
-6.22948,nan
-9.28521,nan
-6.22948,nan
-4.7885,nan
-4.7885,nan
-4.7885,nan
-4.75789,nan
-4.75788,nan
-4.75788,nan
-3.33396,nan
-3.17376,nan
-3.05573,nan
-2.34758,nan
-2.34758,nan
-2.34758,nan
-2.30397,nan
-2.30397,nan
-2.30397,nan
-2.30397,nan
-2.30397,nan
-2.30397,nan
-2.30397,nan
-2.30397,nan
-2.30397,nan
-2.30397,nan
-2.30397,nan
-50.0791,nan
-50.0791,nan
-50.0791,nan
-9.28521,nan
-6.22949,nan
-6.22949,nan
-6.22949,nan
-6.22949,nan
-6.22949,nan
-6.22949,nan
-6.22949,nan
-6.22949,nan
-6.22948,nan
-6.22948,nan
-6.22948,nan
-6.22948,nan
-6.22949,nan
-6.22949,nan
-6.22948,nan
-6.22949,nan
-6.22949,nan
-6.22948,nan
-6.22949,nan
-6.22949,nan
-6.22948,nan
-6.22949,nan
-6.22949,nan
-6.22949,nan
-5.57479,nan
-5.57478,nan
-5.57478,nan
-5,nan
-5,nan
-5,nan
-6.22949,nan
-6.22949,nan
-6.22948,nan
-6.22948,nan
-6.22948,nan
-6.22948,nan
-9.28521,nan
-6.22948,nan
-4.7885,nan
-4.7885,nan
-4.7885,nan
-4.75789,nan
-4.75788,nan
-4.75788,nan
-3.33396,nan
-3.17376,nan
-3.05573,nan
-2.34758,nan
-2.34758,nan
-2.34758,nan
-2.30397,nan
-2.30397,nan
-2.30397,nan
-2.30397,nan
-2.30397,nan
-2.30397,nan
-2.30397,nan
-2.30397,nan
-2.30397,nan
-2.30397,nan
-5.35969,nan
-2.30396,nan
-2.10714,nan
-2.07895,nan
-2.07895,nan
-2.07895,nan
-2.07895,nan
-2.07895,nan
-2.07895,nan
-2.10714,nan
-2.10714,nan
-1.71737,nan
-1.71454,nan
-1.6,nan
-1.6,nan
-1.6,nan
-1.6,nan
-1.6,nan
-1.6,nan
-0.666668,nan
-0.666668,nan
-0.666667,nan
-135.125,nan
-135.125,nan
-135.125,nan
-50.0791,nan
-50.0791,nan
-50.0791,nan
-9.28521,nan
-6.66667,nan
-6.66667,nan
-6.66667,nan
-6.22949,nan
-6.22949,nan
-6.22949,nan
-6.22949,nan
-6.22949,nan
-6.22949,nan
-6.22949,nan
-6.22949,nan
-6.22949,nan
-6.22949,nan
-6.22949,nan
-6.22949,nan
-6.22949,nan
-6.22949,nan
-6.22949,nan
-6.22949,nan
-6.22949,nan
-6.22949,nan
-6.22949,nan
-6.22948,nan
-6.22948,nan
-6.22948,nan
-6.22948,nan
-6.22948,nan
-6.22948,nan
-6.22948,nan
-6.22948,nan
-6.22948,nan
-6,nan
-6,nan
-6,nan
-6,nan
-6,nan
-6,nan
-6,nan
-6,nan
-6,nan
-6.22949,nan
-6.22948,nan
-6.22949,nan
-6.22949,nan
-6.22948,nan
-6.22949,nan
-6.22949,nan
-6.22948,nan
-6,nan
-6,nan
-6,nan
-6.22949,nan
-6.22949,nan
-6.22948,nan
-6.22949,nan
-6.22949,nan
-6.22948,nan
-6,nan
-6,nan
-6,nan
-6,nan
-6,nan
-6,nan
-6.22949,nan
-6.22949,nan
-6.22948,nan
-6.22949,nan
-6.22949,nan
-6.22948,nan
-6.22949,nan
-6.22949,nan
-6.22948,nan
-6.22949,nan
-6.22949,nan
-6.22948,nan
-6,nan
-6,nan
-6,nan
-6.22949,nan
-6.22949,nan
-6.22948,nan
-6.22949,nan
-6.22949,nan
-6.22948,nan
-6,nan
-6,nan
-6,nan
-6.22949,nan
-6.22949,nan
-6.22948,nan
-6.22949,nan
-6.22949,nan
-6.22948,nan
-6.22949,nan
-6.22949,nan
-6.22948,nan
-6.22949,nan
-6.22949,nan
-6.22948,nan
-6.22949,nan
-6.22949,nan
-6.22949,nan
-5.2353,nan
-5.23529,nan
-5.23529,nan
-5,nan
-5,nan
-5,nan
-6.22949,nan
-6.22949,nan
-6.22948,nan
-6.22948,nan
-6.22948,nan
-6.22948,nan
-9.28521,nan
-6.22948,nan
-4.59038,nan
-4.59038,nan
-4.59038,nan
-4.25,nan
-4.25,nan
-4.25,nan
-4.25,nan
-4.25,nan
-4.25,nan
-4.18182,nan
-4.18182,nan
-4.18182,nan
-4,nan
-4,nan
-4,nan
-4,nan
-4,nan
-4,nan
-3.45309,nan
-3.45309,nan
-3.45309,nan
-3.17376,nan
-2.30397,nan
-2.30397,nan
-2.30397,nan
-2.30397,nan
-2.30397,nan
-2.30397,nan
-2.30397,nan
-2.30397,nan
-2.30397,nan
-2.30397,nan
-2.30397,nan
-2.30397,nan
-2.30397,nan
-2.30397,nan
-2.30397,nan
-2.30397,nan
-2.30397,nan
-2.30397,nan
-2.30397,nan
-2.30397,nan
-2.30397,nan
-2.30397,nan
-2.30397,nan
-2.30397,nan
-2.30397,nan
-2.30397,nan
-2.30397,nan
-2.30397,nan
-2.30397,nan
-2.30397,nan
-3.33333,nan
-3.33333,nan
-3.33333,nan
-2.30397,nan
-2.30397,nan
-2.30397,nan
-2.30397,nan
-2.30397,nan
-2.30397,nan
-5.35969,nan
-2.30396,nan
-1.6,nan
-1.6,nan
-1.6,nan
-1.6,nan
-1.6,nan
-1.6,nan
-0.666668,nan
-0.666668,nan
-0.666667,nan
-135.125,nan
-135.125,nan
-135.125,nan
-50.0791,nan
-50.0791,nan
-50.0791,nan
-9.28521,nan
-6.66667,nan
-6.66667,nan
-6.66667,nan
-6.22949,nan
-6.22949,nan
-6.22949,nan
-6.22949,nan
-6.22949,nan
-6.22949,nan
-6.22949,nan
-6.22949,nan
-6.22949,nan
-6.22949,nan
-6.22949,nan
-6.22949,nan
-6.22949,nan
-6.22949,nan
-6.22949,nan
-6.22949,nan
-6.22949,nan
-6.22949,nan
-6.22949,nan
-6.22948,nan
-6.22948,nan
-6.22948,nan
-6.22948,nan
-6.22948,nan
-6.22948,nan
-6.22948,nan
-6.22948,nan
-6.22948,nan
-6,nan
-6,nan
-6,nan
-6,nan
-6,nan
-6,nan
-6,nan
-6,nan
-6,nan
-6.22949,nan
-6.22948,nan
-6.22949,nan
-6.22949,nan
-6.22948,nan
-6.22949,nan
-6.22949,nan
-6.22948,nan
-6,nan
-6,nan
-6,nan
-6.22949,nan
-6.22949,nan
-1.03304e-06,nan
1.4013e-45,-0.736185
-6.22949,nan
1.4013e-45,-0.736185
-3.30367e-08,nan
0.751761,0.886263
-2.30397,nan
-2.30397,nan
-2.30397,nan
-5.35971,nan
-2.30398,nan
0.751747,0.886248
1.33835,1.42861
-1.48177,nan
-1.48177,nan
-1.48177,nan
1.34119,1.4309
-34.3745,nan
-31.3188,nan
-28.2631,nan
1.36903,1.45327
1.4325,1.50345
1.4325,1.50345
1.4325,1.50346
0.708762,0.83918
0.708763,0.839181
0.708764,0.839183
-1.17348,nan
-1.17348,nan
-1.17348,nan
2.32589,2.11763
2.32589,2.11763
2.3259,2.11763
2.32589,2.11763
2.3259,2.11763
2.3259,2.11763
-0.729835,nan
2.32589,2.11763
2.39978,2.1626
3.60081,2.81466
4.5965,3.27567
3.61076,2.81956
5.33333,3.58527
5.33333,3.58527
5.33333,3.58527
5.38162,3.60479
5.77483,3.76058
6.9868,4.21
8,4.5565
8,4.5565
8,4.5565
8,4.5565
8,4.5565
8,4.5565
8,4.5565
8,4.5565
8.10959,4.59263
9.80252,5.1225
10.6667,5.37528
10.6667,5.37528
10.6667,5.37528
10.6667,5.37528
10.6667,5.37528
10.6667,5.37528
12.8583,5.97381
14,6.26538
14,6.26538
14,6.26538
8,4.5565
8,4.5565
8,4.5565
8,4.5565
14,6.26538
14,6.26538
14,6.26538
-4.59038,nan
-4.59038,nan
-4.59038,nan
-4.76563,nan
-4.76562,nan
-4.76562,nan
10.6667,5.37528
10.6667,5.37528
10.6667,5.37528
8,4.5565
8,4.5565
8,4.5565
8,4.5565
8,4.5565
8,4.5565
14,6.26538
14,6.26538
14,6.26538
-4.59038,nan
-4.59038,nan
-4.59038,nan
-4.76563,nan
-4.76562,nan
-4.76562,nan
-4125.02,nan
-4125.02,nan
-4125.02,nan
-2.34758,nan
-2.34758,nan
-2.34758,nan
4.4887,3.22834
4.4887,3.22834
4.4887,3.22834
15.914,6.72865

