sqrtf(x-t)>z/y
y
begin data
-135.125,nan
-135.125,nan
-135.125,nan
-50.0791,nan
-50.0791,nan
-50.0791,nan
-50.0791,nan
-50.0791,nan
-50.0791,nan
-9.28521,nan
-9.28521,nan
-9.28521,nan
-6.66667,nan
-6.66667,nan
-6.66667,nan
-6.22949,nan
-6.22949,nan
-6.22949,nan
-6.22949,nan
-6.22949,nan
-6.22949,nan
-6.22949,nan
-6.22949,nan
-6.22949,nan
-6.22949,nan
-6.22949,nan
-6.22949,nan
-6.22949,nan
-6.22949,nan
-6.22949,nan
-6.22949,nan
-6.22949,nan
-6.22949,nan
-6.22949,nan
-6.22949,nan
-6.22949,nan
-6.22949,nan
-6.22949,nan
-6.22949,nan
-6.22949,nan
-6.22949,nan
-6.22949,nan
-6.22949,nan
-6.22948,nan
-6.22948,nan
-6.22948,nan
-6.22948,nan
-6.22948,nan
-6.22948,nan
-6.22948,nan
-6.22948,nan
-6.22948,nan
-6.22948,nan
-6.22948,nan
-6.22948,nan
-6.22949,nan
-6.22949,nan
-6.22948,nan
-6.22949,nan
-6.22949,nan
-6.22948,nan
-6.22949,nan
-6.22949,nan
-6.22948,nan
-6.22949,nan
-6.22949,nan
-6.22949,nan
-6.22948,nan
-6,nan
-6,nan
-6,nan
-6,nan
-6,nan
-6,nan
-6,nan
-6,nan
-6,nan
-6.22949,nan
-6.22948,nan
-6.22949,nan
-6.22949,nan
-6.22948,nan
-6.22949,nan
-6.22949,nan
-6.22948,nan
-6,nan
-6,nan
-6,nan
-6.22949,nan
-6.22949,nan
-6.22948,nan
-6.22949,nan
-6.22949,nan
-6.22948,nan
-6,nan
-6,nan
-6,nan
-6,nan
-6,nan
-6,nan
-6.22949,nan
-6.22949,nan
-6.22948,nan
-6.22949,nan
-6.22949,nan
-6.22948,nan
-6.22949,nan
-6.22949,nan
-6.22948,nan
-6.22949,nan
-6.22949,nan
-6.22948,nan
-6,nan
-6,nan
-6,nan
-6.22949,nan
-6.22949,nan
-6.22948,nan
-6.22949,nan
-6.22949,nan
-6.22948,nan
-6,nan
-6,nan
-6,nan
-6.22949,nan
-6.22949,nan
-6.22948,nan
-6.22949,nan
-6.22949,nan
-6.22948,nan
-6.22949,nan
-6.22949,nan
-6.22948,nan
-6.22949,nan
-6.22949,nan
-6.22948,nan
-6.22949,nan
-6.22949,nan
-6.22949,nan
-5.57479,nan
-5.57478,nan
-5.57478,nan
-5.3597,nan
-5.2353,nan
-5.23529,nan
-5.23529,nan
-5,nan
-5,nan
-5,nan
-5,nan
-5,nan
-6.22949,nan
-6.22949,nan
-6.22948,nan
-6.22948,nan
-6.22948,nan
-6.22948,nan
-9.28521,nan
-6.22948,nan
-5,nan
-6.22949,nan
-6.22949,nan
-6.22948,nan
-6.22948,nan
-6.22948,nan
-6.22948,nan
-9.28521,nan
-6.22948,nan
-4.7885,nan
-4.7885,nan
-4.7885,nan
-4.7731,nan
-4.77027,nan
-4.75789,nan
-4.75788,nan
-4.75788,nan
-4.59038,nan
-4.59038,nan
-4.59038,nan
-4.25,nan
-4.25,nan
-4.25,nan
-4.25,nan
-4.25,nan
-4.25,nan
-4.18182,nan
-4.18182,nan
-4.18182,nan
-4,nan
-4,nan
-4,nan
-4,nan
-4,nan
-4,nan
-3.45309,nan
-3.45309,nan
-3.45309,nan
-3.33396,nan
-3.17376,nan
-6.22948,nan
-6.22948,nan
-6.22948,nan
-9.2852,nan
-6.22948,nan
-3.17376,nan
-3.17376,nan
-3.17375,nan
-3.05573,nan
-2.34758,nan
-2.34758,nan
-2.34758,nan
-2.30397,nan
-2.30397,nan
-2.30397,nan
-2.30397,nan
-2.30397,nan
-2.30397,nan
-2.30397,nan
-2.30397,nan
-2.30397,nan
-2.30397,nan
-2.30397,nan
-2.30397,nan
-2.30397,nan
-2.30397,nan
-2.30397,nan
-2.30397,nan
-2.30397,nan
-2.30397,nan
-2.30397,nan
-2.30397,nan
-2.30397,nan
-2.30397,nan
-2.30397,nan
-2.30397,nan
-2.30397,nan
-2.30397,nan
-2.30397,nan
-2.30397,nan
-2.30397,nan
-2.30397,nan
-2.30397,nan
-2.30397,nan
-2.30397,nan
-2.30397,nan
-2.30397,nan
-2.30397,nan
-2.30397,nan
-2.30397,nan
-2.30397,nan
-3.33333,nan
-3.33333,nan
-3.33333,nan
-2.30397,nan
-2.30397,nan
-2.30397,nan
-2.30397,nan
-2.30397,nan
-2.30397,nan
-2.30397,nan
-2.30397,nan
-50.0791,nan
-50.0791,nan
-50.0791,nan
-9.28521,nan
-6.22949,nan
-6.22949,nan
-6.22949,nan
-6.22949,nan
-6.22949,nan
-6.22949,nan
-6.22949,nan
-6.22949,nan
-6.22948,nan
-6.22948,nan
-6.22948,nan
-6.22948,nan
-6.22949,nan
-6.22949,nan
-6.22948,nan
-6.22949,nan
-6.22949,nan
-6.22948,nan
-6.22949,nan
-6.22949,nan
-6.22948,nan
-6.22949,nan
-6.22949,nan
-6.22949,nan
-5.57479,nan
-5.57478,nan
-5.57478,nan
-5,nan
-5,nan
-5,nan
-6.22949,nan
-6.22949,nan
-6.22948,nan
-6.22948,nan
-6.22948,nan
-6.22948,nan
-9.28521,nan
-6.22948,nan
-4.7885,nan
-4.7885,nan
-4.7885,nan
-4.75789,nan
-4.75788,nan
-4.75788,nan
-3.33396,nan
-3.17376,nan
-3.05573,nan
-2.34758,nan
-2.34758,nan
-2.34758,nan
-2.30397,nan
-2.30397,nan
-2.30397,nan
-2.30397,nan
-2.30397,nan
-2.30397,nan
-2.30397,nan
-2.30397,nan
-2.30397,nan
-2.30397,nan
-2.30397,nan
-50.0791,nan
-50.0791,nan
-50.0791,nan
-9.28521,nan
-6.22949,nan
-6.22949,nan
-6.22949,nan
-6.22949,nan
-6.22949,nan
-6.22949,nan
-6.22949,nan
-6.22949,nan
-6.22948,nan
-6.22948,nan
-6.22948,nan
-6.22948,nan
-6.22949,nan
-6.22949,nan
-6.22948,nan
-6.22949,nan
-6.22949,nan
-6.22948,nan
-6.22949,nan
-6.22949,nan
-6.22948,nan
-6.22949,nan
-6.22949,nan
-6.22949,nan
-5.57479,nan
-5.57478,nan
-5.57478,nan
-5,nan
-5,nan
-5,nan
-6.22949,nan
-6.22949,nan
-6.22948,nan
-6.22948,nan
-6.22948,nan
-6.22948,nan
-9.28521,nan
-6.22948,nan
-4.7885,nan
-4.7885,nan
-4.7885,nan
-4.75789,nan
-4.75788,nan
-4.75788,nan
-3.33396,nan
-3.17376,nan
-3.05573,nan
-2.34758,nan
-2.34758,nan
-2.34758,nan
-2.30397,nan
-2.30397,nan
-2.30397,nan
-2.30397,nan
-2.30397,nan
-2.30397,nan
-2.30397,nan
-2.30397,nan
-2.30397,nan
-2.30397,nan
-5.35969,nan
-2.30396,nan
-2.10714,nan
-2.07895,nan
-2.07895,nan
-2.07895,nan
-2.07895,nan
-2.07895,nan
-2.07895,nan
-2.10714,nan
-2.10714,nan
-1.71737,nan
-1.71454,nan
-1.6,nan
-1.6,nan
-1.6,nan
-1.6,nan
-1.6,nan
-1.6,nan
-0.666668,nan
-0.666668,nan
-0.666667,nan
-135.125,nan
-135.125,nan
-135.125,nan
-50.0791,nan
-50.0791,nan
-50.0791,nan
-9.28521,nan
-6.66667,nan
-6.66667,nan
-6.66667,nan
-6.22949,nan
-6.22949,nan
-6.22949,nan
-6.22949,nan
-6.22949,nan
-6.22949,nan
-6.22949,nan
-6.22949,nan
-6.22949,nan
-6.22949,nan
-6.22949,nan
-6.22949,nan
-6.22949,nan
-6.22949,nan
-6.22949,nan
-6.22949,nan
-6.22949,nan
-6.22949,nan
-6.22949,nan
-6.22948,nan
-6.22948,nan
-6.22948,nan
-6.22948,nan
-6.22948,nan
-6.22948,nan
-6.22948,nan
-6.22948,nan
-6.22948,nan
-6,nan
-6,nan
-6,nan
-6,nan
-6,nan
-6,nan
-6,nan
-6,nan
-6,nan
-6.22949,nan
-6.22948,nan
-6.22949,nan
-6.22949,nan
-6.22948,nan
-6.22949,nan
-6.22949,nan
-6.22948,nan
-6,nan
-6,nan
-6,nan
-6.22949,nan
-6.22949,nan
-6.22948,nan
-6.22949,nan
-6.22949,nan
-6.22948,nan
-6,nan
-6,nan
-6,nan
-6,nan
-6,nan
-6,nan
-6.22949,nan
-6.22949,nan
-6.22948,nan
-6.22949,nan
-6.22949,nan
-6.22948,nan
-6.22949,nan
-6.22949,nan
-6.22948,nan
-6.22949,nan
-6.22949,nan
-6.22948,nan
-6,nan
-6,nan
-6,nan
-6.22949,nan
-6.22949,nan
-6.22948,nan
-6.22949,nan
-6.22949,nan
-6.22948,nan
-6,nan
-6,nan
-6,nan
-6.22949,nan
-6.22949,nan
-6.22948,nan
-6.22949,nan
-6.22949,nan
-6.22948,nan
-6.22949,nan
-6.22949,nan
-6.22948,nan
-6.22949,nan
-6.22949,nan
-6.22948,nan
-6.22949,nan
-6.22949,nan
-6.22949,nan
-5.2353,nan
-5.23529,nan
-5.23529,nan
-5,nan
-5,nan
-5,nan
-6.22949,nan
-6.22949,nan
-6.22948,nan
-6.22948,nan
-6.22948,nan
-6.22948,nan
-9.28521,nan
-6.22948,nan
-4.59038,nan
-4.59038,nan
-4.59038,nan
-4.25,nan
-4.25,nan
-4.25,nan
-4.25,nan
-4.25,nan
-4.25,nan
-4.18182,nan
-4.18182,nan
-4.18182,nan
-4,nan
-4,nan
-4,nan
-4,nan
-4,nan
-4,nan
-3.45309,nan
-3.45309,nan
-3.45309,nan
-3.17376,nan
-2.30397,nan
-2.30397,nan
-2.30397,nan
-2.30397,nan
-2.30397,nan
-2.30397,nan
-2.30397,nan
-2.30397,nan
-2.30397,nan
-2.30397,nan
-2.30397,nan
-2.30397,nan
-2.30397,nan
-2.30397,nan
-2.30397,nan
-2.30397,nan
-2.30397,nan
-2.30397,nan
-2.30397,nan
-2.30397,nan
-2.30397,nan
-2.30397,nan
-2.30397,nan
-2.30397,nan
-2.30397,nan
-2.30397,nan
-2.30397,nan
-2.30397,nan
-2.30397,nan
-2.30397,nan
-3.33333,nan
-3.33333,nan
-3.33333,nan
-2.30397,nan
-2.30397,nan
-2.30397,nan
-2.30397,nan
-2.30397,nan
-2.30397,nan
-5.35969,nan
-2.30396,nan
-1.6,nan
-1.6,nan
-1.6,nan
-1.6,nan
-1.6,nan
-1.6,nan
-0.666668,nan
-0.666668,nan
-0.666667,nan
-135.125,nan
-135.125,nan
-135.125,nan
-50.0791,nan
-50.0791,nan
-50.0791,nan
-9.28521,nan
-6.66667,nan
-6.66667,nan
-6.66667,nan
-6.22949,nan
-6.22949,nan
-6.22949,nan
-6.22949,nan
-6.22949,nan
-6.22949,nan
-6.22949,nan
-6.22949,nan
-6.22949,nan
-6.22949,nan
-6.22949,nan
-6.22949,nan
-6.22949,nan
-6.22949,nan
-6.22949,nan
-6.22949,nan
-6.22949,nan
-6.22949,nan
-6.22949,nan
-6.22948,nan
-6.22948,nan
-6.22948,nan
-6.22948,nan
-6.22948,nan
-6.22948,nan
-6.22948,nan
-6.22948,nan
-6.22948,nan
-6,nan
-6,nan
-6,nan
-6,nan
-6,nan
-6,nan
-6,nan
-6,nan
-6,nan
-6.22949,nan
-6.22948,nan
-6.22949,nan
-6.22949,nan
-6.22948,nan
-6.22949,nan
-6.22949,nan
-6.22948,nan
-6,nan
-6,nan
-6,nan
-6.22949,nan
-6.22949,nan
-1.03304e-06,nan
1.4013e-45,nan
-6.22949,nan
1.4013e-45,nan
-3.30367e-08,nan
0.751761,nan
-2.30397,nan
-2.30397,nan
-2.30397,nan
-5.35971,nan
-2.30398,nan
0.751747,nan
1.33835,nan
-1.48177,nan
-1.48177,nan
-1.48177,nan
1.34119,nan
-34.3745,nan
-31.3188,nan
-28.2631,nan
1.36903,nan
1.4325,nan
1.4325,nan
1.4325,nan
0.708762,nan
0.708763,nan
0.708764,nan
-1.17348,nan
-1.17348,nan
-1.17348,nan
2.32589,nan
2.32589,nan
2.3259,nan
2.32589,nan
2.3259,nan
2.3259,nan
-0.729835,nan
2.32589,nan
2.39978,nan
3.60081,nan
4.5965,nan
3.61076,nan
5.33333,nan
5.33333,nan
5.33333,nan
5.38162,nan
5.77483,nan
6.9868,nan
8,nan
8,nan
8,nan
8,nan
8,nan
8,nan
8,nan
8,nan
8.10959,nan
9.80252,nan
10.6667,nan
10.6667,nan
10.6667,nan
10.6667,nan
10.6667,nan
10.6667,nan
12.8583,nan
14,nan
14,nan
14,nan
8,nan
8,nan
8,nan
8,nan
14,nan
14,nan
14,nan
-4.59038,nan
-4.59038,nan
-4.59038,nan
-4.76563,nan
-4.76562,nan
-4.76562,nan
10.6667,nan
10.6667,nan
10.6667,nan
8,nan
8,nan
8,nan
8,nan
8,nan
8,nan
14,nan
14,nan
14,nan
-4.59038,nan
-4.59038,nan
-4.59038,nan
-4.76563,nan
-4.76562,nan
-4.76562,nan
-4125.02,nan
-4125.02,nan
-4125.02,nan
-2.34758,nan
-2.34758,nan
-2.34758,nan
4.4887,nan
4.4887,nan
4.4887,nan
15.914,nan

