sqrtf(x-t)>z/y
w
begin data
-5.50644,nan
-4.56577,nan
-2.68758,nan
-2.68758,nan
-2.68758,nan
-2.68641,nan
-2.68641,nan
-2.68641,nan
-2.68483,nan
-2.68482,nan
-2.68482,nan
-2.5,nan
-2.5,nan
-2.5,nan
-2.46154,nan
-2.46154,nan
-2.46154,nan
-2.45073,nan
-2.45071,nan
-2.45071,nan
-2.45071,nan
-2.45071,nan
-2.45071,nan
-2.45071,nan
-2.45071,nan
-2.45071,nan
-2.45071,nan
-2.45071,nan
-2.45071,nan
-2.45071,nan
-2.45071,nan
-2.45071,nan
-2.45071,nan
-2.45071,nan
-2.45071,nan
-2.45071,nan
-2.45071,nan
-2.45071,nan
-2.45071,nan
-2.45071,nan
-2.45071,nan
-2.45071,nan
-2.45071,nan
-2.45071,nan
-2.45071,nan
-2.45071,nan
-2.45071,nan
-2.45071,nan
-2.45071,nan
-2.45071,nan
-2.45071,nan
-2.45073,nan
-2.45072,nan
-2.45071,nan
-2.45071,nan
-2.45071,nan
-2.45072,nan
-2.45071,nan
-2.45071,nan
-2.45071,nan
-2.45071,nan
-2.45071,nan
-2.45071,nan
-2.4507,nan
-2.4507,nan
-3,nan
-3,nan
-3,nan
-3.05573,nan
-2.4,nan
-2.4,nan
-2.4,nan
-2,nan
-2,nan
-2,nan
-2,nan
-2,nan
-2,nan
-1.51005,nan
-1.51004,nan
-1.51004,nan
-1.51004,nan
-1.51004,nan
-1.51004,nan
-1.51004,nan
-1.51004,nan
-1.51004,nan
-1.51004,nan
-1.51004,nan
-1.51004,nan
-1.51004,nan
-1.51004,nan
-1.51004,nan
-1.51004,nan
-1.51004,nan
-1.51004,nan
-1.51004,nan
-1.51004,nan
-1.51004,nan
-1.51004,nan
-1.51004,nan
-1.51004,nan
-1.51004,nan
-1.51004,nan
-1.51004,nan
-1.51004,nan
-1.51004,nan
-1.51004,nan
-1.51004,nan
-1.51004,nan
-1.51004,nan
-1.51004,nan
-1.51004,nan
-1.51004,nan
-1.51004,nan
-1.51004,nan
-1.51004,nan
-1.51004,nan
-1.51004,nan
-1.51004,nan
-1.51004,nan
-1.51004,nan
-1.51004,nan
-1.5,nan
-1.5,nan
-1.5,nan
-1.5,nan
-1.5,nan
-1.51004,nan
-1.51004,nan
-1.51004,nan
-1.51004,nan
-1.51004,nan
-1.51004,nan
-1.51004,nan
-1.5,nan
-1.5,nan
-1.5,nan
-1.51004,nan
-1.51004,nan
-1.51004,nan
-1.51004,nan
-1.51004,nan
-1.51004,nan
-1.51004,nan
-1.51004,nan
-1.51004,nan
-1.51003,nan
-1.51003,nan
-1.51003,nan
-1.51004,nan
-1.51004,nan
-1.51004,nan
-1.51004,nan
-1.51004,nan
-1.51004,nan
-1.51004,nan
-1.51004,nan
-1.51004,nan
-1.51004,nan
-1.51004,nan
-1.51004,nan
-1.51004,nan
-1.51004,nan
-1.51004,nan
-1.51004,nan
-1.51004,nan
-1.51004,nan
-1.5,nan
-2.45071,nan
-2.45071,nan
-2.45071,nan
-2.45071,nan
-2.45071,nan
-2.45071,nan
-2.45071,nan
-2.45071,nan
-2.45071,nan
-2.45071,nan
-2,nan
-2,nan
-2,nan
-1.5,nan
-1.5,nan
-1.5,nan
-2.46154,nan
-2.46154,nan
-2.46154,nan
-2.5,nan
-2.5,nan
-2.5,nan
-2.4,nan
-2.4,nan
-2.4,nan
-2,nan
-2,nan
-2,nan
-2.45071,nan
-2.45071,nan
-2.45071,nan
-2.45071,nan
-2.45071,nan
-2.45071,nan
-2.45071,nan
-2.45071,nan
-2.45071,nan
-2.45071,nan
-2.45071,nan
-2.45071,nan
-2.45071,nan
-2.45071,nan
-2.45071,nan
-2,nan
-2,nan
-2,nan
-1.5,nan
-1.5,nan
-1.5,nan
-2.46154,nan
-2.46154,nan
-2.46154,nan
-2.5,nan
-2.5,nan
-2.5,nan
-2.4,nan
-2.4,nan
-2.4,nan
-2.45073,nan
-2.45073,nan
-2.45072,nan
-2.45071,nan
-2.45071,nan
-2.45071,nan
-2.45071,nan
-2.45071,nan
-2.45071,nan
-2.45072,nan
-2.45071,nan
-2.45071,nan
-2.45071,nan
-2.45071,nan
-2.45071,nan
-2.45071,nan
-2.4507,nan
-2.4507,nan
-3,nan
-3,nan
-3,nan
-3.05573,nan
-1.14286,nan
-1.14286,nan
-1.14286,nan
-1.14286,nan
-1.14286,nan
-5.05573,nan
-2,nan
-1.14286,nan
-5.05573,nan
-2,nan
-0.953209,nan
-2.66258,nan
-2.65882,nan
-2.68758,nan
-2.68758,nan
-2.68758,nan
-2.68641,nan
-2.68641,nan
-2.68641,nan
-2.68483,nan
-2.68482,nan
-2.68482,nan
-2.5,nan
-2.5,nan
-2.5,nan
-2.46154,nan
-2.46154,nan
-2.46154,nan
-2.45071,nan
-2.45071,nan
-2.45071,nan
-2.45071,nan
-2.45071,nan
-2.45071,nan
-2.45071,nan
-2.45071,nan
-2.45071,nan
-2.45071,nan
-2.45071,nan
-2.45071,nan
-2.45071,nan
-2.45071,nan
-2.45071,nan
-2.45071,nan
-2.45071,nan
-2.45071,nan
-2.45071,nan
-2.45071,nan
-2.45071,nan
-2.45071,nan
-2.45071,nan
-2.4,nan
-2.4,nan
-2.4,nan
-2,nan
-2,nan
-2,nan
-2,nan
-2,nan
-2,nan
-1.51005,nan
-1.51004,nan
-1.51004,nan
-1.51004,nan
-1.51004,nan
-1.51004,nan
-1.51004,nan
-1.51004,nan
-1.51004,nan
-1.51004,nan
-1.51004,nan
-1.51004,nan
-1.51004,nan
-1.51004,nan
-1.51004,nan
-1.51004,nan
-1.51004,nan
-1.51004,nan
-1.51004,nan
-1.51004,nan
-1.5,nan
-1.5,nan
-1.5,nan
-1.5,nan
-1.5,nan
-1.51004,nan
-1.51004,nan
-1.51004,nan
-1.51004,nan
-1.51004,nan
-1.51004,nan
-1.51004,nan
-1.5,nan
-1.5,nan
-1.5,nan
-1.51004,nan
-1.51004,nan
-1.51004,nan
-1.51004,nan
-1.51004,nan
-1.51004,nan
-1.51004,nan
-1.51004,nan
-1.51004,nan
-1.51003,nan
-1.51003,nan
-1.51003,nan
-1.51004,nan
-1.51004,nan
-1.51004,nan
-1.51004,nan
-1.51004,nan
-1.51004,nan
-1.51004,nan
-1.51004,nan
-1.51004,nan
-1.51004,nan
-1.51004,nan
-1.51004,nan
-1.51004,nan
-1.51004,nan
-1.51004,nan
-1.51004,nan
-1.51004,nan
-1.51004,nan
-1.5,nan
-2.45071,nan
-2.45071,nan
-2.45071,nan
-2.45071,nan
-2.45071,nan
-2.45071,nan
-2.45071,nan
-2.45071,nan
-2.45071,nan
-2.45071,nan
-2,nan
-2,nan
-2,nan
-1.5,nan
-1.5,nan
-1.5,nan
-2.46154,nan
-2.46154,nan
-2.46154,nan
-2.5,nan
-2.5,nan
-2.5,nan
-2.4,nan
-2.4,nan
-2.4,nan
-2,nan
-2,nan
-2,nan
-2.45071,nan
-2.45071,nan
-2.45071,nan
-2.45071,nan
-2.45071,nan
-2.45071,nan
-2.45071,nan
-2.45071,nan
-2.45071,nan
-2.45071,nan
-2.45071,nan
-2.45071,nan
-2.45071,nan
-2.45071,nan
-2.45071,nan
-2,nan
-2,nan
-2,nan
-1.5,nan
-1.5,nan
-1.5,nan
-2.46154,nan
-2.46154,nan
-2.46154,nan
-2.5,nan
-2.5,nan
-2.5,nan
-2.4,nan
-2.4,nan
-2.4,nan
-2.45073,nan
-2.45073,nan
-2.45072,nan
-2.45071,nan
-2.45071,nan
-2.45071,nan
-2.45071,nan
-2.45071,nan
-2.45071,nan
-2.45072,nan
-2.45071,nan
-2.45071,nan
-2.45071,nan
-2.45071,nan
-2.45071,nan
-2.45071,nan
-2.4507,nan
-2.4507,nan
-3,nan
-3,nan
-3,nan
-3.05573,nan
-1.14286,nan
-1.14286,nan
-1.14286,nan
-5.05573,nan
-2,nan
-0.953209,nan
-2.66258,nan
-2.65882,nan
-2.68758,nan
-2.68758,nan
-2.68758,nan
-2.68641,nan
-2.68641,nan
-2.68641,nan
-2.68483,nan
-2.68482,nan
-2.68482,nan
-2.5,nan
-2.5,nan
-2.5,nan
-2.46154,nan
-2.46154,nan
-2.46154,nan
-2.45071,nan
-2.45071,nan
-2.45071,nan
-2.45071,nan
-2.45071,nan
-2.45071,nan
-2.45071,nan
-2.45071,nan
-2.45071,nan
-2.45071,nan
-2.45071,nan
-2.45071,nan
-2.45071,nan
-2.45071,nan
-2.45071,nan
-2.45071,nan
-2.45071,nan
-2.45071,nan
-2.45071,nan
-2.45071,nan
-2.45071,nan
-2.45071,nan
-2.45071,nan
-2.4,nan
-2.4,nan
-2.4,nan
-2,nan
-2,nan
-2,nan
-2,nan
-2,nan
-2,nan
-1.51005,nan
-1.51004,nan
-1.51004,nan
-1.51004,nan
-1.51004,nan
-1.51004,nan
-1.51004,nan
-1.51004,nan
-1.51004,nan
-1.51004,nan
-1.51004,nan
-1.51004,nan
-1.51004,nan
-1.51004,nan
-1.51004,nan
-1.51004,nan
-1.51004,nan
-1.51004,nan
-1.51004,nan
-1.51004,nan
-1.5,nan
-1.5,nan
-1.5,nan
-1.5,nan
-1.5,nan
-1.51004,nan
-1.51004,nan
-1.51004,nan
-1.51004,nan
-1.51004,nan
-1.51004,nan
-1.51004,nan
-1.5,nan
-1.5,nan
-1.5,nan
-1.51004,nan
-1.51004,nan
-1.51004,nan
-1.51004,nan
-1.51004,nan
-1.51004,nan
-1.51004,nan
-1.51004,nan
-1.51004,nan
-1.51003,nan
-1.51003,nan
-1.51003,nan
-1.51004,nan
-1.51004,nan
-1.51004,nan
-1.51004,nan
-1.51004,nan
-1.51004,nan
-1.51004,nan
-1.51004,nan
-1.51004,nan
-1.51004,nan
-1.51004,nan
-1.51004,nan
-1.51004,nan
-1.51004,nan
-1.51004,nan
-1.51004,nan
-1.51004,nan
-1.51004,nan
-1.5,nan
-2.45071,nan
-2.45071,nan
-2.45071,nan
-2.45071,nan
-2.45071,nan
-2.45071,nan
-2.45071,nan
-2.45071,nan
-2.45071,nan
-2.45071,nan
-2,nan
-2,nan
-2,nan
-1.5,nan
-1.5,nan
-1.5,nan
-2.46154,nan
-2.46154,nan
-2.46154,nan
-2.5,nan
-2.5,nan
-2.5,nan
-2.4,nan
-2.4,nan
-2.4,nan
-0.953209,nan
-0.081216,nan
-0.081215,nan
-0.0812139,nan
-0,nan
0.252331,nan
0.380865,nan
0.380865,nan
0.380866,nan
0.380866,nan
0.380867,nan
0.380867,nan
0.605019,nan
-2.45072,nan
-2.45071,nan
-2.45071,nan
-5.50644,nan
-2.45071,nan
0.605018,nan
1.0384,nan
1.04552,nan
1.05573,nan
1.54568,nan
-1.51004,nan
-1.51004,nan
-1.51004,nan
-4.56578,nan
-1.51005,nan
1.54568,nan
2.05865,nan
-2.45073,nan
-2.45071,nan
-2.45071,nan
-2.45071,nan
-2.45071,nan
-2.45071,nan
-2.45071,nan
-2.45071,nan
-2.45071,nan
-2.45071,nan
-2.45073,nan
-2.45072,nan
-2.45071,nan
-2.45071,nan
-2.45071,nan
-2.45072,nan
-2.45071,nan
-2.45071,nan
-2.45071,nan
-2.45071,nan
-2.45071,nan
-2.45071,nan
-2.4507,nan
-2.4507,nan
-3,nan
-3,nan
-3,nan
-3.05573,nan
-1.51004,nan
-1.51004,nan
-1.51004,nan
-1.51004,nan
-1.51004,nan
-1.51004,nan
-1.51004,nan
-1.51004,nan
-1.51004,nan
-1.51004,nan
-1.51004,nan
-1.51004,nan
-1.51004,nan
-1.51004,nan
-1.51004,nan
-1.51004,nan
-1.51004,nan
-1.51004,nan
-1.51004,nan
-1.51004,nan
-1.51004,nan
-1.51004,nan
-1.51004,nan
-1.51004,nan
-1.14286,nan
-1.14286,nan
-1.14286,nan
-5.05573,nan
-2,nan
-0.953209,nan
-0,nan
0.380865,nan
0.380866,nan
0.380867,nan
1.05573,nan
2.05865,nan
-2.45073,nan
-2.45071,nan
-2.45071,nan
-2.45071,nan
-2.45071,nan
-2.45071,nan
-2.45071,nan
-2.45071,nan
-2.45071,nan
-2.45071,nan
-2.45073,nan
-2.45072,nan
-2.45071,nan
-2.45071,nan
-2.45071,nan
-2.45072,nan
-2.45071,nan
-2.45071,nan
-2.45071,nan
-2.45071,nan
-2.45071,nan
-2.45071,nan
-2.4507,nan
-2.4507,nan
-3,nan
-3,nan
-3,nan
-3.05573,nan
-1.51004,nan
-1.51004,nan
-1.51004,nan
-1.51004,nan
-1.51004,nan
-1.51004,nan
-1.51004,nan
-1.51004,nan
-1.51004,nan
-1.51004,nan
-1.51004,nan
-1.51004,nan
-1.51004,nan
-1.51004,nan
-1.51004,nan
-1.51004,nan
-1.51004,nan
-1.51004,nan
-1.51004,nan
-1.51004,nan
-1.51004,nan
2.07157,nan
2.10252,nan
2.10895,nan
2.10895,nan
2.10895,nan
2.0209,nan
2.02091,nan
2.02091,nan
2.5346,nan
1.4013e-45,nan
2.5346,nan
2.5346,nan
2.5346,nan
2.5346,nan
-0.521125,nan
2.5346,nan
2.85659,nan
2.658,nan
2.95171,nan
3.15142,nan
3.15142,nan
3.15142,nan
4.52575,nan
4.52575,nan
4.52575,nan
5.15825,nan
2.10252,nan
2.10252,nan
2.10252,nan
5.20228,nan
5.59033,nan
5.94409,nan
5.94409,nan
5.94409,nan
2.06703,nan
2.06703,nan
2.06703,nan
-2.68758,nan
-2.68758,nan
-2.68758,nan
-2.68483,nan
-2.68482,nan
-2.68482,nan
-0.081216,nan
-0.081215,nan
-0.0812139,nan
2.06703,nan
2.06703,nan
2.06703,nan
-2.68758,nan
-2.68758,nan
-2.68758,nan
-2.68483,nan
-2.68482,nan
-2.68482,nan
2.05865,nan
2.05865,nan
2.05865,nan
-128.826,nan
-128.826,nan
-128.826,nan
3.15142,nan
3.15142,nan
3.15142,nan
3.09238,nan
3.09238,nan
3.09238,nan
-1.79864,nan
-1.79864,nan
-1.79864,nan
6.00744,nan
6.21505,nan
6.21505,nan
6.21505,nan
3.17504,nan
6.23077,nan
6.43652,nan
6.93688,nan
9.06317,nan
6.00744,nan
6.00744,nan
6.00744,nan
6.00744,nan
6.00744,nan
6.00744,nan
9.2865,nan

