x*cosf(t+y)>logf(w*z*3)
v
begin data
-11.5586,nan
-13.2277,nan
-10.8138,nan
-10.6667,nan
-10.6667,nan
-10.6667,nan
-10.6667,nan
-10.6667,nan
-10.6667,nan
-10.4,nan
-10.4,nan
-10.4,nan
-10.1719,nan
-8.92888,nan
-10.8662,nan
-10.8662,nan
-8.50283,nan
-7.75806,nan
-7.75806,nan
-7.75806,nan
-7.75806,nan
-7.11621,nan
-5.87315,nan
-5.87315,nan
-5.87315,nan
-5.87315,nan
-5.86879,nan
-5.44711,nan
-4.72979,nan
-4.70234,nan
-4.04574,nan
-4.00039,nan
-4.00039,nan
-4.00039,nan
-2.86309,nan
-2.86309,nan
-2.86309,nan
-8,nan
-8,nan
-8,nan
-2.81742,nan
-2.81306,nan
-2.81306,nan
-2.81306,nan
-2.81306,nan
-2.43733,nan
-2.02563,nan
-2.26376,nan
-1.04345,nan
-1.04345,nan
-1.04345,nan
-1.04345,nan
-1.04345,nan
-1.04345,nan
-1.04345,nan
-1.04345,nan
-1.04345,nan
-1.04345,nan
-1.04345,nan
-10.8662,nan
-1.04345,nan
-3.2411,nan
-0.185377,nan
-0.10334,nan
0.242669,nan
-4.65232,nan
-1.59659,nan
0.383076,nan
0.383077,nan
0.383078,nan
0.562499,nan
1.4013e-45,nan
0.562499,nan
1.4013e-45,nan
0.5625,nan
0.5625,nan
0.899494,nan
1.45914,nan
1.76976,nan
1.76976,nan
1.76976,nan
1.92037,nan
2.87035,nan
4.33333,nan
4.33333,nan
4.9177,nan
4.9177,nan
4.91771,nan
2.0459,nan
5.10163,nan
8.15736,nan
10.8576,nan
10.8576,nan
10.8576,nan
10.8576,nan
10.8576,nan
-10.8662,nan
-10.8662,nan
-10.8662,nan
1.76976,nan
1.76976,nan
1.76976,nan
4.9177,nan
4.9177,nan
4.91771,nan
4.9177,nan
4.9177,nan
4.91771,nan
2.48132,nan
2.48132,nan
2.48132,nan
-5.44603,nan
-5.44603,nan
-5.44602,nan
-10.6667,nan
-10.6667,nan
-10.6667,nan
2.23077,nan
2.23077,nan
2.23077,nan
5.33333,nan
5.33333,nan
5.33333,nan
-1.32467,nan
-1.32467,nan
-1.32467,nan
-23.9522,nan
-23.9522,nan
-23.9522,nan
-38.0258,nan
-38.0258,nan
-38.0258,nan
-39.8418,nan
-36.7861,nan
-33.7303,nan
10.8576,nan
-10.8662,nan
-10.8662,nan
-10.8662,nan
1.76976,nan
1.76976,nan
1.76976,nan
4.9177,nan
4.9177,nan
4.91771,nan
4.9177,nan
4.9177,nan
4.91771,nan
2.48132,nan
2.48132,nan
2.48132,nan
-5.44603,nan
-5.44603,nan
-5.44602,nan
-30.0668,nan
-27.0111,nan
-23.9554,nan
15.5275,nan
15.5275,nan
15.5275,nan
23.146,nan
23.146,nan
23.146,nan
-34.8245,nan
-34.8245,nan
-34.8245,nan
-8.29936,nan
-8.29936,nan
-8.29935,nan
-43.6397,nan
-43.6397,nan
-43.6397,nan
-10.6667,nan
-10.6667,nan
-10.6667,nan
2.23077,nan
2.23077,nan
2.23077,nan
5.33333,nan
5.33333,nan
5.33333,nan
-1.32467,nan
-1.32467,nan
-1.32467,nan
-23.9522,nan
-23.9522,nan
-23.9522,nan
-38.0258,nan
-38.0258,nan
-38.0258,nan
16,nan
16,nan
16,nan
23.3803,nan
28.9443,nan
30.7689,nan
30.7689,nan
30.7689,nan
32,nan
32,nan
32,nan
32,nan
35.0557,nan
1.76976,nan
4.9177,nan
4.9177,nan
4.9177,nan
4.91771,nan
10.8576,nan
10.8576,nan
10.8576,nan
4.9177,nan
4.91771,nan
2.48132,nan
2.48132,nan
2.48132,nan
-5.44603,nan
-5.44603,nan
-5.44602,nan
-10.6667,nan
-10.6667,nan
-10.6667,nan
2.23077,nan
2.23077,nan
2.23077,nan
5.33333,nan
5.33333,nan
5.33333,nan
-1.32467,nan
-1.32467,nan
-1.32467,nan
-23.9522,nan
-23.9522,nan
-23.9522,nan
0.243985,nan
0.243986,nan
0.243987,nan
-10.4,nan
-10.4,nan
-10.4,nan
4.33333,nan
4.33333,nan
4.33333,nan
15.5275,nan
15.5275,nan
15.5275,nan
3.33131,nan
3.33131,nan
3.33131,nan
-8,nan
-8,nan
-8,nan
2.88889,nan
2.88889,nan
2.88889,nan
-8,nan
-8,nan
-8,nan
15.5275,nan
15.5275,nan
15.5275,nan
23.146,nan
23.146,nan
23.146,nan
-34.8245,nan
-34.8245,nan
-34.8245,nan
-8.29936,nan
-8.29936,nan
-8.29935,nan
-43.6397,nan
-43.6397,nan
-43.6397,nan
-10.6667,nan
-10.6667,nan
-10.6667,nan
2.23077,nan
2.23077,nan
2.23077,nan
5.33333,nan
5.33333,nan
5.33333,nan
-1.32467,nan
-1.32467,nan
-1.32467,nan
-23.9522,nan
-23.9522,nan
-23.9522,nan
-38.0258,nan
-38.0258,nan
-38.0258,nan
16,nan
16,nan
16,nan
28.9443,nan
30.7689,nan
30.7689,nan
30.7689,nan
32,nan
35.0557,nan
65.1014,nan
65.1014,nan
65.1014,nan
5.33333,nan
5.33333,nan
5.33333,nan
-1.32467,nan
-1.32467,nan
-1.32467,nan
-23.9522,nan
-23.9522,nan
-23.9522,nan
0.243985,nan
0.243986,nan
0.243987,nan
-10.4,nan
-10.4,nan
-10.4,nan
4.33333,nan
4.33333,nan
4.33333,nan
23.146,nan
23.146,nan
23.146,nan
-34.8245,nan
-34.8245,nan
-34.8245,nan
-23.4286,nan
-23.4286,nan
-23.4286,nan
32.7244,nan
32.7244,nan
32.7244,nan
-8,nan
-8,nan
-8,nan
4.68965,nan
4.68966,nan
4.68966,nan
-169.929,nan
-169.929,nan
-169.929,nan
16,nan
16,nan
16,nan
97.3568,nan
97.3568,nan
97.3568,nan
61.1707,nan
61.1707,nan
61.1707,nan
-10.4,nan
-10.4,nan
-10.4,nan
4.33333,nan
4.33333,nan
4.33333,nan
23.146,nan
23.146,nan
23.146,nan
-34.8245,nan
-34.8245,nan
-34.8245,nan
-8.29936,nan
-8.29936,nan
-8.29935,nan
20,nan
20,nan
20,nan
23.3803,nan
23.3803,nan
23.3803,nan
32,nan
32,nan
32,nan
-97.7138,nan
-94.658,nan
-91.6023,nan
5.33333,nan
10.8576,nan
10.8576,nan
10.8576,nan
15.5275,nan
15.5275,nan
15.5275,nan
-8,nan
2.88889,nan
2.88889,nan
2.88889,nan
-8,nan
-8,nan
-8,nan
15.5275,nan
15.5275,nan
15.5275,nan
23.146,nan
23.146,nan
23.146,nan
-34.8245,nan
-34.8245,nan
-34.8245,nan
-8.29936,nan
-8.29936,nan
-8.29935,nan
-43.6397,nan
-43.6397,nan
-43.6397,nan
-10.6667,nan
-10.6667,nan
-10.6667,nan
2.23077,nan
2.23077,nan
2.23077,nan
5.33333,nan
5.33333,nan
5.33333,nan
-1.32467,nan
-1.32467,nan
-1.32467,nan
-23.9522,nan
-23.9522,nan
-23.9522,nan
-38.0258,nan
-38.0258,nan
-38.0258,nan
16,nan
16,nan
16,nan
30.7689,nan
30.7689,nan
30.7689,nan
-8,nan
-8,nan
-8,nan
2.88889,nan
2.88889,nan
2.88889,nan
15.5275,nan
15.5275,nan
15.5275,nan
3.33131,nan
3.33131,nan
3.33131,nan
-8,nan
-8,nan
-8,nan
2.88889,nan
2.88889,nan
2.88889,nan
-9.71429,nan
-9.71429,nan
-9.71428,nan
-8,nan
-8,nan
-8,nan
2.88889,nan
2.88889,nan
2.88889,nan
97.3568,nan
97.3568,nan
97.3568,nan
61.1707,nan
61.1707,nan
61.1707,nan
-10.4,nan
-10.4,nan
-10.4,nan
4.33333,nan
4.33333,nan
4.33333,nan
23.146,nan
23.146,nan
23.146,nan
-34.8245,nan
-34.8245,nan
-34.8245,nan
-8.29936,nan
-8.29936,nan
-8.29935,nan
20,nan
20,nan
20,nan
23.3803,nan
23.3803,nan
23.3803,nan
32,nan
32,nan
32,nan
65.1014,nan
65.1014,nan
65.1014,nan
5.33333,nan
5.33333,nan
5.33333,nan
-1.32467,nan
-1.32467,nan
-1.32467,nan
-23.9522,nan
-23.9522,nan
-23.9522,nan
0.243985,nan
0.243986,nan
0.243987,nan
-10.4,nan
-10.4,nan
-10.4,nan
4.33333,nan
4.33333,nan
4.33333,nan
23.146,nan
23.146,nan
23.146,nan
-34.8245,nan
-34.8245,nan
-34.8245,nan
-23.4286,nan
-23.4286,nan
-23.4286,nan
32.7244,nan
32.7244,nan
32.7244,nan
-8,nan
-8,nan
-8,nan
4.68965,nan
4.68966,nan
4.68966,nan
-169.929,nan
-169.929,nan
-169.929,nan
16,nan
16,nan
16,nan
97.3568,nan
97.3568,nan
97.3568,nan
61.1707,nan
61.1707,nan
61.1707,nan
-10.4,nan
-10.4,nan
-10.4,nan
4.33333,nan
4.33333,nan
4.33333,nan
23.146,nan
23.146,nan
23.146,nan
-34.8245,nan
-34.8245,nan
-34.8245,nan
-8.29936,nan
-8.29936,nan
-8.29935,nan
20,nan
20,nan
20,nan
23.3803,nan
23.3803,nan
23.3803,nan
32,nan
32,nan
32,nan
-97.7138,nan
-94.658,nan
-91.6023,nan

